0 1 Car 0 0 0 0 0 0 0 1.4315494298934937 1.7632266283035278 4.336226463317871 -5.6796495643071845 1.5620802615361686 6.345085896664517 -1.5859324022897239 1
0 2 Car 0 0 0 0 0 0 0 1.7019805908203125 1.7516225576400757 3.3468220233917236 -2.701926509687623 1.5500055087602536 6.376047280449852 -1.553860737360334 1
0 3 Car 0 0 0 0 0 0 0 1.5851975679397583 2.0849270820617676 4.118402004241943 -3.095028635797248 1.5003524847779395 -0.958827220869114 -1.553860737360334 1
0 4 Car 0 0 0 0 0 0 0 1.817763328552246 2.0347349643707275 5.150742530822754 -3.201390726404199 1.3164251067306194 -8.582870260757455 -1.553860737360334 1
0 5 Car 0 0 0 0 0 0 0 1.478983998298645 2.071343183517456 4.471693515777588 -0.19167891904943402 1.2849087740885237 -10.591729256398871 -1.553860737360334 1
0 6 Truck 0 0 0 0 0 0 0 3.2218406200408936 3.0908467769622803 10.8961763381958 -3.025693598983977 1.2142963685730621 -17.212326741515692 -1.5746201596923823 1
0 7 Truck 0 0 0 0 0 0 0 1.7703596353530884 2.074165105819702 5.210026741027832 -18.363022072493123 1.9904459905318497 9.634314115659835 1.241741584264422 1
0 8 Truck 0 0 0 0 0 0 0 2.9787228107452393 3.118018865585327 7.834490776062012 3.269178172530232 1.8337198822685874 28.948724086213915 1.5116140112511163 1
0 9 Cyclist 0 0 0 0 0 0 0 1.5912423133850098 1.365797996520996 3.3838047981262207 4.82367518292304 1.5096650469787845 8.247991035572742 -1.2770684197314734 1
0 10 DontCare 0 0 0 0 0 0 0 0.45428478717803955 0.30000001192092896 0.30000001192092896 20.331415178816055 1.5827336891399133 20.90949812289586 -1.5677003519379253 1
0 11 DontCare 0 0 0 0 0 0 0 0.44999998807907104 0.30000001192092896 0.30000001192092896 5.4967609178707 1.3464980922326406 7.07799184168419 -1.5677003519379253 1
0 12 DontCare 0 0 0 0 0 0 0 0.44999998807907104 0.30000001192092896 0.30000001192092896 6.003385936480047 1.3607546810817785 8.506567064711584 -1.5677003519379253 1
0 13 DontCare 0 0 0 0 0 0 0 0.44999998807907104 0.30000001192092896 0.30000001192092896 6.605183911420871 1.3747910906325047 9.941013845585479 -1.5677003519379253 1
0 14 DontCare 0 0 0 0 0 0 0 0.44999998807907104 0.30000001192092896 0.30000001192092896 7.312268278544564 1.3869431851452534 11.233360046446005 -1.5677003519379253 1
0 15 DontCare 0 0 0 0 0 0 0 0.44999998807907104 0.30000001192092896 0.30000001192092896 8.071872255878075 1.3977110622653006 12.414586592605897 -1.5677003519379253 1
0 16 DontCare 0 0 0 0 0 0 0 0.44999998807907104 0.30000001192092896 0.30000001192092896 8.96930112151499 1.4094228132110183 13.718676886816027 -1.5677003519379253 1
0 17 DontCare 0 0 0 0 0 0 0 0.44999998807907104 0.30000001192092896 0.30000001192092896 9.914826340995058 1.419429407551171 14.881381504343478 -1.5677003519379253 1
0 18 DontCare 0 0 0 0 0 0 0 0.46268370747566223 0.30000001192092896 0.30000001192092896 10.888901593589692 1.4734549484273245 15.989677352315786 -1.5677003519379253 1
0 19 DontCare 0 0 0 0 0 0 0 0.45428478717803955 0.30000001192092896 0.30000001192092896 12.085215431749681 1.563268614443757 16.91024021178942 -1.5677003519379253 1
0 20 DontCare 0 0 0 0 0 0 0 0.45428478717803955 0.30000001192092896 0.30000001192092896 13.31559653951714 1.5684625899404536 17.714339964655743 -1.5677003519379253 1
0 21 DontCare 0 0 0 0 0 0 0 0.45428478717803955 0.30000001192092896 0.30000001192092896 14.771776393617312 1.5743460109256069 18.642120693841036 -1.5677003519379253 1
0 22 DontCare 0 0 0 0 0 0 0 0.45428478717803955 0.30000001192092896 0.30000001192092896 16.067119032278285 1.5781607861784934 19.338929627632158 -1.5677003519379253 1
0 23 DontCare 0 0 0 0 0 0 0 0.45428478717803955 0.30000001192092896 0.30000001192092896 17.427592936524004 1.5812629786164836 19.9888670307394 -1.5677003519379253 1
0 24 DontCare 0 0 0 0 0 0 0 0.45428478717803955 0.30000001192092896 0.30000001192092896 18.870167266935702 1.5824614500976444 20.488657918206446 -1.5677003519379253 1
0 25 DontCare 0 0 0 0 0 0 0 0.463360995054245 0.331329882144928 0.30000001192092896 -22.133757792609174 2.0009650312357166 4.906710535618158 -1.5677003519379253 1
0 26 DontCare 0 0 0 0 0 0 0 0.42991453409194946 0.30000001192092896 0.30000001192092896 17.941427560062642 1.9561199044221325 37.90502614855076 -1.5677003519379253 1
0 27 DontCare 0 0 0 0 0 0 0 0.42991453409194946 0.30000001192092896 0.30000001192092896 16.54640726531058 1.9636268134400083 38.20654912958993 -1.5677003519379253 1
0 28 DontCare 0 0 0 0 0 0 0 0.42991453409194946 0.30000001192092896 0.30000001192092896 15.113312872285677 1.9732417027887843 38.68865834760523 -1.5677003519379253 1
0 29 DontCare 0 0 0 0 0 0 0 0.42991453409194946 0.30000001192092896 0.30000001192092896 13.774131256180585 1.9847291851946935 39.36583255514297 -1.5677003519379253 1
0 30 DontCare 0 0 0 0 0 0 0 0.4583643972873688 0.30000001192092896 0.30000001192092896 12.548672534609679 1.9692031631839786 40.13758070067038 -1.5677003519379253 1
0 31 DontCare 0 0 0 0 0 0 0 0.4583643972873688 0.30000001192092896 0.30000001192092896 11.420613317628982 1.9829056226380062 41.0726175821251 -1.5677003519379253 1
0 32 DontCare 0 0 0 0 0 0 0 0.4583643972873688 0.30000001192092896 0.30000001192092896 10.160609580869536 2.000388898380999 42.31428454127782 -1.5677003519379253 1
0 33 DontCare 0 0 0 0 0 0 0 0.49212512373924255 0.30000001192092896 0.30000001192092896 9.279678412429874 1.985127744247671 43.40648073566307 -1.5677003519379253 1
0 34 DontCare 0 0 0 0 0 0 0 0.4605894982814789 0.331329882144928 0.30000001192092896 8.671225055242896 2.000867788494715 44.66689752140871 -1.5677003519379253 1
0 35 Cyclist 0 0 0 0 0 0 0 1.5282052755355835 0.7777103185653687 1.7875068187713623 -29.296234689088546 2.8855788820957122 42.57714788181875 2.2726605713587436 1
0 36 DontCare 0 0 0 0 0 0 0 0.47250133752822876 0.331329882144928 0.30000001192092896 -29.089581537163717 2.803828363815482 44.54466063814397 -1.5677003519379253 1
0 37 DontCare 0 0 0 0 0 0 0 0.4419879913330078 0.331329882144928 0.30000001192092896 -23.427896083171905 2.1374950708876206 9.228276263842254 -1.5677003519379253 1
0 38 DontCare 0 0 0 0 0 0 0 0.463360995054245 0.331329882144928 0.30000001192092896 -22.98152449703968 2.0353718096222484 7.793059159229595 -1.5677003519379253 1
0 39 DontCare 0 0 0 0 0 0 0 0.463360995054245 0.331329882144928 0.30000001192092896 -22.489645927553347 2.0184048564340182 6.389825822083436 -1.5677003519379253 1
0 40 Cyclist 0 0 0 0 0 0 0 1.0027869939804077 0.9587341547012329 1.8238987922668457 -22.773699761748137 1.7193421581516093 3.1045281267081006 0.27988831850209284 1
0 41 Cyclist 0 0 0 0 0 0 0 1.517061471939087 0.800000011920929 1.7999999523162842 -24.206059178895483 2.2398047712557707 22.816911403975364 1.2970999941460137 1
0 42 Pedestrian 0 0 0 0 0 0 0 1.6382273435592651 0.7564855813980103 0.9171438813209534 -43.3058601108971 2.815267008958138 39.45551476245304 3.0822780907374057 1
0 43 Car 0 0 0 0 0 0 0 2.0342984199523926 1.7999999523162842 4.199999809265137 -6.453214536380667 0.01919230067127653 -97.7242056528986 -1.55386073629452 1
0 44 Car 0 0 0 0 0 0 0 1.577810287475586 1.7999999523162842 4.199999809265137 -40.249719943595 2.4286218122944363 71.18855756112087 1.580679971001688 1
0 45 Car 0 0 0 0 0 0 0 1.577810287475586 1.7999999523162842 4.199999809265137 -58.22758795731491 2.3674712428973144 60.77456954012497 -1.560780543717807 1
0 46 Car 0 0 0 0 0 0 0 1.577810287475586 1.7999999523162842 4.199999809265137 -36.982382176326695 2.3008202514703906 60.500368511465815 -1.560780543717807 1
0 47 Car 0 0 0 0 0 0 0 1.577810287475586 1.7999999523162842 4.199999809265137 -39.920854207252646 2.305985806685977 60.17123409376275 -1.560780543717807 1
0 48 Car 0 0 0 0 0 0 0 1.577810287475586 1.7999999523162842 4.199999809265137 -42.45473334059836 2.313272218255466 60.143910482775084 -1.560780543717807 1
0 49 Car 0 0 0 0 0 0 0 1.577810287475586 1.7999999523162842 4.199999809265137 -45.2009837191274 2.3225397483369403 60.23841147020085 -1.560780543717807 1
0 50 Car 0 0 0 0 0 0 0 1.577810287475586 1.7999999523162842 4.199999809265137 -55.52337434073877 2.3603997308062454 60.867661290964335 -1.560780543717807 1
0 51 DontCare 0 0 0 0 0 0 0 0.8679511547088623 1.896435022354126 1.0676803588867188 -8.28898515873699 1.7361566883636064 12.926634033874375 -1.5677003519379253 1
0 52 DontCare 0 0 0 0 0 0 0 0.9548561573028564 1.896435022354126 1.0676803588867188 -7.310059975309985 2.2514558340811264 45.514773337669126 -1.5677003519379253 1
0 53 DontCare 0 0 0 0 0 0 0 0.8643621802330017 0.30000001192092896 0.30000001192092896 -7.839507977061154 1.9228294267607389 15.307939483780924 -1.5677003519379253 1
0 54 DontCare 0 0 0 0 0 0 0 0.9791756272315979 1.896435022354126 1.0676803588867188 -7.978284006463419 2.195521261689288 40.267807235868624 -1.5677003519379253 1
0 55 DontCare 0 0 0 0 0 0 0 0.8643621802330017 0.30000001192092896 0.30000001192092896 -7.415527852244667 2.2228807775429447 42.597702362991726 -1.5677003519379253 1
0 56 Car 0 0 0 0 0 0 0 1.5575861930847168 1.7999999523162842 4.199999809265137 -45.66513739053847 2.9188715393177995 5.945123379800986 -1.5847252741225715 1
0 57 Cyclist 0 0 0 0 0 0 0 1.0518735647201538 0.699999988079071 1.7000000476837158 -23.452668449215725 1.985613563304823 7.032533572114734 -0.08686156419596625 1
0 58 DontCare 0 0 0 0 0 0 0 2.9787228107452393 2.8813893795013428 7.834490776062012 3.387282146658138 1.8334427356291876 28.95569875781387 1.5116140112511163 1
0 59 DontCare 0 0 0 0 0 0 0 0.6465301513671875 0.771997332572937 0.870995283126831 2.096469529624116 1.8707209420395938 28.996552562048443 1.5116140112511163 1
0 60 DontCare 0 0 0 0 0 0 0 0.44999998807907104 0.30000001192092896 0.30000001192092896 5.144449204750716 1.3316550620717331 5.638286464494307 -1.5677003519379253 1
0 61 Car 0 0 0 0 0 0 0 1.5660580396652222 1.7999999523162842 4.199999809265137 -55.05418820923158 2.5561241284457115 71.2928792232687 1.580679971001688 1
0 62 Car 0 0 0 0 0 0 0 1.5 1.7999999523162842 4.199999809265137 26.502489290288022 0.48732919387008916 56.64095668122642 -1.311933903373098 1
0 63 Car 0 0 0 0 0 0 0 1.5 1.7999999523162842 4.199999809265137 47.4622403843461 0.37689581546605805 52.32398288450416 -1.311933903373098 1
0 64 DontCare 0 0 0 0 0 0 0 0.4000000059604645 0.30000001192092896 0.30000001192092896 4.838984366720906 -0.0089022380736129 -83.55251256475094 1.584275887929583 1
0 65 DontCare 0 0 0 0 0 0 0 0.670726478099823 0.35000020265579224 0.30000001192092896 4.829930235085563 -0.03302808261017287 -94.15502410689585 1.584275887929583 1
1 1 Car 0 0 0 0 0 0 0 1.4315494298934937 1.7632266283035278 4.336226463317871 -5.694982694718906 1.555571722560988 5.983219845348205 -1.5859324022897239 1
1 2 Car 0 0 0 0 0 0 0 1.7019805908203125 1.7516225576400757 3.3468220233917236 -2.717244695437383 1.5446111995300429 6.017945095832097 -1.553860737360334 1
1 3 Car 0 0 0 0 0 0 0 1.632206916809082 2.0849270820617676 4.118402004241943 -3.1011785719654497 1.4941986056353564 -1.3171627773005539 -1.553860737360334 1
1 4 Car 0 0 0 0 0 0 0 1.817763328552246 2.0347349643707275 5.150742530822754 -3.1977519915543278 1.30959129043837 -8.941571510763275 -1.553860737360334 1
1 5 Car 0 0 0 0 0 0 0 1.478983998298645 2.071343183517456 4.471693515777588 -0.2096361041553565 1.2829857286908224 -10.594954258157543 -1.553860737360334 1
1 6 Truck 0 0 0 0 0 0 0 3.2218406200408936 3.0908467769622803 10.8961763381958 -3.01088161665011 1.2068051069815529 -17.57073403934371 -1.5746201596923823 1
1 7 Truck 0 0 0 0 0 0 0 1.7703596353530884 2.074165105819702 5.210026741027832 -18.28802017049652 1.9737787531105364 8.765950406871916 1.2723030314079766 1
1 8 Truck 0 0 0 0 0 0 0 2.9787228107452393 3.012645721435547 8.083374977111816 3.400210536557781 1.8302774980406902 28.447518431340537 1.461632655584002 1
1 9 Cyclist 0 0 0 0 0 0 0 1.8095409870147705 1.404126524925232 3.469774007797241 4.811560675900257 1.5067111218617777 7.8538857032795315 -1.2770684197314734 1
1 10 DontCare 0 0 0 0 0 0 0 0.45428478717803955 0.30000001192092896 0.30000001192092896 20.29752976464798 1.5871562746721986 20.58035690865646 -1.5677003519379253 1
1 11 DontCare 0 0 0 0 0 0 0 0.44999998807907104 0.30000001192092896 0.30000001192092896 5.480396480098696 1.3442236599730335 6.730183932208395 -1.5677003519379253 1
1 12 DontCare 0 0 0 0 0 0 0 0.44999998807907104 0.30000001192092896 0.30000001192092896 5.98521621712811 1.3587890537054355 8.159395384506709 -1.5677003519379253 1
1 13 DontCare 0 0 0 0 0 0 0 0.44999998807907104 0.30000001192092896 0.30000001192092896 6.585201045266555 1.3731703132912991 9.594598796097001 -1.5677003519379253 1
1 14 DontCare 0 0 0 0 0 0 0 0.44999998807907104 0.30000001192092896 0.30000001192092896 7.290651995352311 1.3856946444441247 10.887833731736228 -1.5677003519379253 1
1 16 DontCare 0 0 0 0 0 0 0 0.44999998807907104 0.30000001192092896 0.30000001192092896 8.944544128553282 1.4090010473893781 13.375235961980975 -1.5677003519379253 1
1 17 DontCare 0 0 0 0 0 0 0 0.44999998807907104 0.30000001192092896 0.30000001192092896 9.888601041485249 1.4194580590698669 14.53913089633048 -1.5677003519379253 1
1 18 DontCare 0 0 0 0 0 0 0 0.46268370747566223 0.30000001192092896 0.30000001192092896 10.86126098231001 1.473940037144426 15.648647574994724 -1.5677003519379253 1
1 19 DontCare 0 0 0 0 0 0 0 0.45428478717803955 0.30000001192092896 0.30000001192092896 12.056379060993176 1.5642775455544067 16.570711058380688 -1.5677003519379253 1
1 20 DontCare 0 0 0 0 0 0 0 0.45428478717803955 0.30000001192092896 0.30000001192092896 13.28574458651861 1.5699982408437876 17.376361768311522 -1.5677003519379253 1
1 21 DontCare 0 0 0 0 0 0 0 0.45428478717803955 0.30000001192092896 0.30000001192092896 14.740752732132359 1.5765030452134274 18.305975496014785 -1.5677003519379253 1
1 22 DontCare 0 0 0 0 0 0 0 0.45428478717803955 0.30000001192092896 0.30000001192092896 16.035214716034233 1.5808596785997673 19.004414967772536 -1.5677003519379253 1
1 23 DontCare 0 0 0 0 0 0 0 0.45428478717803955 0.30000001192092896 0.30000001192092896 17.394868565057877 1.58452425074617 19.656065597297772 -1.5677003519379253 1
1 24 DontCare 0 0 0 0 0 0 0 0.45428478717803955 0.30000001192092896 0.30000001192092896 18.836811594066372 1.5863032037068114 20.157673148381654 -1.5677003519379253 1
1 25 DontCare 0 0 0 0 0 0 0 0.463360995054245 0.331329882144928 0.30000001192092896 -22.147615049068857 1.9881932593421352 4.524035323488481 -1.5677003519379253 1
1 26 DontCare 0 0 0 0 0 0 0 0.4321589171886444 0.30000001192092896 0.30000001192092896 17.886010036569992 1.9610775562856957 37.57290802240552 -1.5677003519379253 1
1 27 DontCare 0 0 0 0 0 0 0 0.42991453409194946 0.30000001192092896 0.30000001192092896 16.4905820380513 1.9680850961456584 37.87259582044455 -1.5677003519379253 1
1 28 DontCare 0 0 0 0 0 0 0 0.42991453409194946 0.30000001192092896 0.30000001192092896 15.056876544356259 1.9772053415014916 38.352897028989055 -1.5677003519379253 1
1 29 DontCare 0 0 0 0 0 0 0 0.42991453409194946 0.30000001192092896 0.30000001192092896 13.716839012869858 1.9882496144689026 39.02838508817404 -1.5677003519379253 1
1 30 DontCare 0 0 0 0 0 0 0 0.4583643972873688 0.30000001192092896 0.30000001192092896 12.490418208281078 1.9723306756184016 39.79858950344094 -1.5677003519379253 1
1 31 DontCare 0 0 0 0 0 0 0 0.4583643972873688 0.30000001192092896 0.30000001192092896 11.361176881866967 1.9856903819018639 40.7322041098533 -1.5677003519379253 1
1 32 DontCare 0 0 0 0 0 0 0 0.4583643972873688 0.30000001192092896 0.30000001192092896 10.0996028322992 2.0028072377858366 41.972283933163965 -1.5677003519379253 1
1 33 DontCare 0 0 0 0 0 0 0 0.49212512373924255 0.30000001192092896 0.30000001192092896 9.217307309055636 1.9873086866448615 43.0633726503853 -1.5677003519379253 1
1 35 Cyclist 0 0 0 0 0 0 0 1.6815924644470215 0.7777103185653687 1.7875068187713623 -29.843917626882376 2.8676053840301132 41.53929311633075 2.2726605713587436 1
1 38 DontCare 0 0 0 0 0 0 0 0.463360995054245 0.331329882144928 0.30000001192092896 -22.99903033314029 2.022525212746374 7.409311942879751 -1.5677003519379253 1
1 39 DontCare 0 0 0 0 0 0 0 0.463360995054245 0.331329882144928 0.30000001192092896 -22.50537839394271 2.0056244289385017 6.006700287054734 -1.5677003519379253 1
1 40 Cyclist 0 0 0 0 0 0 0 0.7720046043395996 0.9587341547012329 1.8238987922668457 -22.785383133730285 1.4754053230299853 2.72237720184216 0.27988831850209284 1
1 41 Cyclist 0 0 0 0 0 0 0 1.517061471939087 0.800000011920929 1.7999999523162842 -24.254349587932758 2.2237480439766797 22.06511265128842 1.2970999941460137 1
1 42 Pedestrian 0 0 0 0 0 0 0 1.6382273435592651 0.7564855813980103 0.7728637456893921 -43.468657393208325 2.797731133556598 39.039888318436496 3.0822780907374057 1
1 43 Car 0 0 0 0 0 0 0 2.0342984199523926 1.7999999523162842 4.199999809265137 -6.396853152294333 0.016786722779213115 -96.91590218726373 -1.55386073629452 1
1 44 Car 0 0 0 0 0 0 0 1.577810287475586 1.7999999523162842 4.199999809265137 -40.34703694016226 2.414638243006967 70.78303479408798 1.580679971001688 1
1 46 Car 0 0 0 0 0 0 0 1.577810287475586 1.7999999523162842 4.199999809265137 -37.06618324356868 2.2871612596019246 60.098981960787484 -1.560780543717807 1
1 47 Car 0 0 0 0 0 0 0 1.577810287475586 1.7999999523162842 4.199999809265137 -39.82122320172022 2.2922640097808515 59.91194675732214 -1.560780543717807 1
1 49 Car 0 0 0 0 0 0 0 1.577810287475586 1.7999999523162842 4.199999809265137 -45.28446225773639 2.3057904870172994 59.826667698814205 -1.560780543717807 1
1 51 DontCare 0 0 0 0 0 0 0 0.8679511547088623 1.896435022354126 1.0676803588867188 -8.312779969877008 1.7292254341183826 12.561439102412331 -1.5677003519379253 1
1 52 DontCare 0 0 0 0 0 0 0 0.9548561573028564 1.896435022354126 1.0676803588867188 -7.375091840019761 2.247619694951039 45.15075700304218 -1.5677003519379253 1
1 54 DontCare 0 0 0 0 0 0 0 0.9791756272315979 1.896435022354126 1.0676803588867188 -8.036679291460613 2.190996058231985 39.90295730755333 -1.5677003519379253 1
1 55 DontCare 0 0 0 0 0 0 0 0.8643621802330017 0.30000001192092896 0.30000001192092896 -7.476890653339781 2.2187609797008947 42.233554504830614 -1.5677003519379253 1
1 56 Car 0 0 0 0 0 0 0 1.5575861930847168 1.7999999523162842 4.199999809265137 -45.6804320432001 2.8974015912386704 5.532767826008091 -1.5815399665155168 1
1 57 Cyclist 0 0 0 0 0 0 0 1.0 0.699999988079071 1.7000000476837158 -23.49343785812417 1.9923419534489484 6.620131370130598 -0.0799417033561225 1
1 58 DontCare 0 0 0 0 0 0 0 2.9787228107452393 2.897092342376709 8.083374977111816 3.4576486422075736 1.8301764156827889 28.453860911962128 1.461632655584002 1
1 59 DontCare 0 0 0 0 0 0 0 0.5892868638038635 0.7251167297363281 0.9756896495819092 2.2665863752557773 1.8473982103923583 28.349654187355934 1.4700950846306329 1
1 60 DontCare 0 0 0 0 0 0 0 0.44999998807907104 0.30000001192092896 0.30000001192092896 5.123969652831213 1.329595505186123 5.28161434619007 -1.5677003519379253 1
1 61 Car 0 0 0 0 0 0 0 1.5660580396652222 1.7999999523162842 4.199999809265137 -55.15167798106037 2.5366221000279587 70.868693685056 1.580679971001688 1
1 62 Car 0 0 0 0 0 0 0 1.5 1.7999999523162842 4.199999809265137 26.424182399016697 0.49704807510082066 56.31971138265623 -1.311933903373098 1
1 63 Car 0 0 0 0 0 0 0 1.5 1.7999999523162842 4.199999809265137 47.3894037054566 0.39407827934395523 52.02915675874906 -1.311933903373098 1
1 64 DontCare 0 0 0 0 0 0 0 0.4000000059604645 0.30000001192092896 0.30000001192092896 4.937310324498913 -0.019013873633454526 -83.9010003832202 1.584275887929583 1
1 67 DontCare 0 0 0 0 0 0 0 0.44854143261909485 0.30000001192092896 0.30000001192092896 19.361092747771586 1.9412668797854686 37.28168153707083 -1.5677003519379253 1
1 68 Car 0 0 0 0 0 0 0 1.5533782243728638 1.7999999523162842 4.199999809265137 -62.23341963519141 3.4935106845145545 19.708535325841435 -0.0038238301642889994 1
1 69 DontCare 0 0 0 0 0 0 0 0.4764489531517029 0.331329882144928 0.30000001192092896 -28.12744560766689 2.64034430427621 45.37806480110567 -1.5677003519379253 1
1 70 Car 0 0 0 0 0 0 0 1.5575861930847168 1.7999999523162842 4.199999809265137 -45.73113042832721 2.9470560722158474 10.015708094046033 1.5599203884821566 1
1 71 Car 0 0 0 0 0 0 0 1.5660580396652222 1.7999999523162842 4.199999809265137 -49.78788705365278 2.521882289664257 70.98831193408029 1.580679971001688 1
2 1 Car 0 0 0 0 0 0 0 1.4315494298934937 1.7632266283035278 4.336226463317871 -5.710590349877114 1.547936707168592 5.619347192485325 -1.5859324022897239 1
2 2 Car 0 0 0 0 0 0 0 1.7019805908203125 1.7516225576400757 3.3468220233917236 -2.732803913235879 1.5389080786431726 5.658154409409356 -1.553860737360334 1
2 3 Car 0 0 0 0 0 0 0 1.632206916809082 2.0849270820617676 4.118402004241943 -3.1067433975581262 1.486810273291114 -1.6774782044903835 -1.553860737360334 1
2 4 Car 0 0 0 0 0 0 0 1.817763328552246 2.0347349643707275 5.150742530822754 -3.1927591651477676 1.3006463699535988 -9.30196847224908 -1.553860737360334 1
2 5 Car 0 0 0 0 0 0 0 1.478983998298645 2.071343183517456 4.471693515777588 -0.16602814383078585 1.2795746629610298 -10.58589351366473 -1.553860737360334 1
2 6 Truck 0 0 0 0 0 0 0 3.2218406200408936 3.0908467769622803 10.823092460632324 -2.993482918315271 1.1958854524549642 -17.96726406370823 -1.5746201596923823 1
2 7 Truck 0 0 0 0 0 0 0 1.7703596353530884 2.074165105819702 5.210026741027832 -18.2150395207847 1.9540703591093536 8.004519131792907 1.2723030314079766 1
2 8 Truck 0 0 0 0 0 0 0 2.9787228107452393 3.163308620452881 8.083374977111816 3.4709546346241327 1.8293746280139778 27.80637384383301 1.4192265734306817 1
2 9 Cyclist 0 0 0 0 0 0 0 1.8095409870147705 1.404126524925232 3.469774007797241 4.793565277859133 1.5062353088391651 7.504360579308501 -1.2770684197314734 1
2 10 DontCare 0 0 0 0 0 0 0 0.45428478717803955 0.30000001192092896 0.30000001192092896 20.261728313319747 1.5991871043563464 20.251769280028885 -1.5677003519379253 1
2 11 DontCare 0 0 0 0 0 0 0 0.44999998807907104 0.30000001192092896 0.30000001192092896 5.463596721681657 1.3439608667019738 6.381467034673742 -1.5677003519379253 1
2 12 DontCare 0 0 0 0 0 0 0 0.44999998807907104 0.30000001192092896 0.30000001192092896 5.966461778127595 1.3591326696059198 7.811364053961122 -1.5677003519379253 1
2 13 DontCare 0 0 0 0 0 0 0 0.44999998807907104 0.30000001192092896 0.30000001192092896 6.564484293133844 1.3741829458017785 9.247382199854725 -1.5677003519379253 1
2 17 DontCare 0 0 0 0 0 0 0 0.44999998807907104 0.30000001192092896 0.30000001192092896 9.861125483844885 1.4235753000024478 14.196404394432314 -1.5677003519379253 1
2 18 DontCare 0 0 0 0 0 0 0 0.46268370747566223 0.30000001192092896 0.30000001192092896 10.832244196228208 1.4789035521628486 15.307237046542824 -1.5677003519379253 1
2 19 DontCare 0 0 0 0 0 0 0 0.45428478717803955 0.30000001192092896 0.30000001192092896 12.026047618468986 1.5701945594294648 16.230909094204335 -1.5677003519379253 1
2 20 DontCare 0 0 0 0 0 0 0 0.45428478717803955 0.30000001192092896 0.30000001192092896 13.254312253131388 1.5768678570695127 17.038231528278665 -1.5677003519379253 1
2 21 DontCare 0 0 0 0 0 0 0 0.45428478717803955 0.30000001192092896 0.30000001192092896 14.708051663157235 1.5844954763846175 17.969825098042158 -1.5677003519379253 1
2 22 DontCare 0 0 0 0 0 0 0 0.45428478717803955 0.30000001192092896 0.30000001192092896 16.0015612451526 1.589826013024672 18.67002702383163 -1.5677003519379253 1
2 23 DontCare 0 0 0 0 0 0 0 0.45428478717803955 0.30000001192092896 0.30000001192092896 17.36032533254218 1.5944973445636546 19.32352834891821 -1.5677003519379253 1
2 24 DontCare 0 0 0 0 0 0 0 0.45428478717803955 0.30000001192092896 0.30000001192092896 18.801585649147246 1.5973068083177293 19.82709919946438 -1.5677003519379253 1
2 25 DontCare 0 0 0 0 0 0 0 0.463360995054245 0.331329882144928 0.30000001192092896 -22.161836797139024 1.969636335893815 4.137588162865672 -1.5677003519379253 1
2 67 DontCare 0 0 0 0 0 0 0 0.44854143261909485 0.30000001192092896 0.30000001192092896 19.30232842698811 1.9559647413608694 36.951759473263756 -1.5677003519379253 1
2 27 DontCare 0 0 0 0 0 0 0 0.42991453409194946 0.30000001192092896 0.30000001192092896 16.430986819359294 1.981042930792428 37.538761753981994 -1.5677003519379253 1
2 28 DontCare 0 0 0 0 0 0 0 0.42991453409194946 0.30000001192092896 0.30000001192092896 14.99662188106531 1.9893302957075205 38.01711068591047 -1.5677003519379253 1
2 29 DontCare 0 0 0 0 0 0 0 0.42991453409194946 0.30000001192092896 0.30000001192092896 13.655656457896882 1.9996404443334517 38.69077202525573 -1.5677003519379253 1
2 30 DontCare 0 0 0 0 0 0 0 0.4583643972873688 0.30000001192092896 0.30000001192092896 12.428206873842361 1.9830795114024244 39.459314482360426 -1.5677003519379253 1
2 31 DontCare 0 0 0 0 0 0 0 0.4583643972873688 0.30000001192092896 0.30000001192092896 11.297685408097761 1.9958919495346192 40.391388626781236 -1.5677003519379253 1
2 32 DontCare 0 0 0 0 0 0 0 0.4583643972873688 0.30000001192092896 0.30000001192092896 10.034411285825698 2.0124361341893686 41.6297484219335 -1.5677003519379253 1
2 33 DontCare 0 0 0 0 0 0 0 0.49212512373924255 0.30000001192092896 0.30000001192092896 9.150651352492481 1.996580809684069 42.71964491287319 -1.5677003519379253 1
2 35 Cyclist 0 0 0 0 0 0 0 1.7582859992980957 0.7777103185653687 1.7875068187713623 -30.563286988959096 2.8457118602979112 40.45672099685552 2.2726605713587436 1
2 38 DontCare 0 0 0 0 0 0 0 0.463360995054245 0.331329882144928 0.30000001192092896 -23.01720333202253 2.0039830092153887 7.021701056746473 -1.5677003519379253 1
2 39 DontCare 0 0 0 0 0 0 0 0.463360995054245 0.331329882144928 0.30000001192092896 -22.521630307959413 1.9871266023745973 5.619764144122855 -1.5677003519379253 1
2 40 Cyclist 0 0 0 0 0 0 0 1.1241174936294556 0.9587341547012329 1.8238987922668457 -22.795907312462 1.90485606220081 2.3321809121132504 0.27988831850209284 1
2 41 Cyclist 0 0 0 0 0 0 0 1.517061471939087 0.800000011920929 1.7999999523162842 -24.259103015347666 2.2038206057548306 21.37290159925125 1.2970999941460137 1
2 42 Pedestrian 0 0 0 0 0 0 0 1.6382273435592651 0.7564855813980103 0.7728637456893921 -43.530018703281506 2.7721515217168946 38.62439870868646 3.0822780907374057 1
2 43 Car 0 0 0 0 0 0 0 2.0342984199523926 1.7999999523162842 4.199999809265137 -6.204063935247501 0.004189324406259409 -95.84459914807826 -1.55386073629452 1
2 44 Car 0 0 0 0 0 0 0 1.577810287475586 1.7999999523162842 4.199999809265137 -40.506520901054515 2.3952401231942795 70.17081088025593 1.580679971001688 1
2 46 Car 0 0 0 0 0 0 0 1.577810287475586 1.7999999523162842 4.199999809265137 -37.15906658759623 2.2667068561668846 59.407138170532335 -1.560780543717807 1
2 47 Car 0 0 0 0 0 0 0 1.577810287475586 1.7999999523162842 4.199999809265137 -39.9106844433848 2.273131051442881 59.50153239538058 -1.560780543717807 1
2 48 Car 0 0 0 0 0 0 0 1.577810287475586 1.7999999523162842 4.199999809265137 -42.35100211585218 2.2800078204138394 59.46231148423256 -1.560780543717807 1
2 49 Car 0 0 0 0 0 0 0 1.577810287475586 1.7999999523162842 4.199999809265137 -45.373816327345914 2.2831086124118856 59.40881601212134 -1.560780543717807 1
2 51 DontCare 0 0 0 0 0 0 0 0.8679511547088623 1.896435022354126 1.0676803588867188 -8.337637246050049 1.7211872813464746 12.193918277237694 -1.5677003519379253 1
2 52 DontCare 0 0 0 0 0 0 0 0.9548561573028564 1.896435022354126 1.0676803588867188 -7.444616628032663 2.2465730854653905 44.78443959386017 -1.5677003519379253 1
2 54 DontCare 0 0 0 0 0 0 0 0.9791756272315979 1.896435022354126 1.0676803588867188 -8.099016690571291 2.188493595965194 39.535751986021964 -1.5677003519379253 1
2 55 DontCare 0 0 0 0 0 0 0 0.8643621802330017 0.30000001192092896 0.30000001192092896 -7.54245489273444 2.217077056467309 41.8670930754509 -1.5677003519379253 1
2 56 Car 0 0 0 0 0 0 0 1.5575861930847168 1.7999999523162842 4.199999809265137 -45.69627046753643 2.8638277916177124 5.114220349533436 -1.5815399665155168 1
2 57 Cyclist 0 0 0 0 0 0 0 1.0 0.699999988079071 1.7000000476837158 -23.56966791217293 2.0026972662152662 6.092544037272255 -0.156059576547956 1
2 58 DontCare 0 0 0 0 0 0 0 2.9787228107452393 2.967617988586426 8.083374977111816 3.5676834547650627 1.8292495209980344 27.821196769392778 1.4192265734306817 1
2 59 DontCare 0 0 0 0 0 0 0 0.6816104054450989 0.8602065443992615 1.1288396120071411 2.332501082166709 1.8354249607603959 27.689431472281324 1.414736674749041 1
2 60 DontCare 0 0 0 0 0 0 0 0.44999998807907104 0.30000001192092896 0.30000001192092896 5.108523869734037 1.3308235952896799 4.9253678747004805 -1.5677003519379253 1
2 61 Car 0 0 0 0 0 0 0 1.5660580396652222 1.7999999523162842 4.199999809265137 -55.25622128310527 2.509724269823078 70.4373755643992 1.580679971001688 1
2 62 Car 0 0 0 0 0 0 0 1.5 1.7999999523162842 4.199999809265137 26.340780252737357 0.5200395038464249 55.999806790617306 -1.311933903373098 1
2 63 Car 0 0 0 0 0 0 0 1.5 1.7999999523162842 4.199999809265137 47.31191558561433 0.4297839520695953 51.73780382624894 -1.311933903373098 1
2 64 DontCare 0 0 0 0 0 0 0 0.4000000059604645 0.30000001192092896 0.30000001192092896 4.9380198759554395 -0.0377685127906453 -84.31391536076234 1.584275887929583 1
2 26 DontCare 0 0 0 0 0 0 0 0.4321589171886444 0.30000001192092896 0.30000001192092896 17.826829220001695 1.9748787896972755 37.240973035398795 -1.5677003519379253 1
2 68 Car 0 0 0 0 0 0 0 1.5533782243728638 1.7999999523162842 4.199999809265137 -62.073718487882736 3.4524856822542582 19.363130733166756 -0.0038238301642889994 1
2 69 DontCare 0 0 0 0 0 0 0 0.4764489531517029 0.331329882144928 0.30000001192092896 -28.197698421489196 2.625925968683347 44.98338220064119 -1.5677003519379253 1
2 70 Car 0 0 0 0 0 0 0 1.5575861930847168 1.7999999523162842 4.199999809265137 -45.75310619616899 2.9143278989729633 9.597085013111817 1.5599203884821566 1
2 71 Car 0 0 0 0 0 0 0 1.5660580396652222 1.7999999523162842 4.199999809265137 -49.892581912732915 2.498475778955442 70.56429898139513 1.580679971001688 1
2 73 Cyclist 0 0 0 0 0 0 0 1.2320417165756226 0.7732698917388916 1.9546935558319092 -23.492046221409257 1.9514451183919963 -3.1186638581051915 -0.55740846542201 1
2 74 Cyclist 0 0 0 0 0 0 0 1.2320417165756226 0.7732698917388916 1.9546935558319092 -22.665611308391096 1.968855942651485 -1.3179526780442223 -0.55740846542201 1
2 75 Car 0 0 0 0 0 0 0 1.5216585397720337 1.7999999523162842 4.199999809265137 -50.22275461891181 2.4159030455753245 59.45571063317845 -1.560780543717807 1
2 76 Car 0 0 0 0 0 0 0 1.5216585397720337 1.7999999523162842 4.199999809265137 -52.891598771846354 2.423070071257734 59.380775613259566 -1.560780543717807 1
3 1 Car 0 0 0 0 0 0 0 1.4315494298934937 1.7632266283035278 4.336226463317871 -5.726768157301015 1.5411254091500641 5.252257744436902 -1.5859324022897239 1
3 2 Car 0 0 0 0 0 0 0 1.7019805908203125 1.7516225576400757 3.3468220233917236 -2.749008681624417 1.5327489712730031 5.295653035426256 -1.553860737360334 1
3 3 Car 0 0 0 0 0 0 0 1.632206916809082 2.0849270820617676 4.118402004241943 -3.111617460115127 1.4810738493612128 -2.0405613891182464 -1.553860737360334 1
3 4 Car 0 0 0 0 0 0 0 1.817763328552246 2.0424869060516357 5.150742530822754 -3.134921878906335 1.295253663986334 -9.666067690359055 -1.553860737360334 1
3 5 Car 0 0 0 0 0 0 0 1.478983998298645 2.071343183517456 4.471693515777588 -0.1987439132681985 1.2789631555214336 -10.607478617548614 -1.553860737360334 1
3 6 Truck 0 0 0 0 0 0 0 3.2218406200408936 3.0908467769622803 10.8961763381958 -2.973161141359878 1.1916950550714094 -18.29371473124763 -1.5746201596923823 1
3 7 Truck 0 0 0 0 0 0 0 1.7703596353530884 2.074165105819702 5.25579309463501 -18.172182079800084 1.939385059283521 7.190239743088723 1.3160368666283135 1
3 8 Truck 0 0 0 0 0 0 0 2.9787228107452393 3.1318459510803223 8.039273262023926 3.5121085791126485 1.8187807322405742 27.090187552710145 1.3659123644463067 1
3 9 Cyclist 0 0 0 0 0 0 0 1.8095409870147705 1.404126524925232 3.469774007797241 4.774532176509344 1.5016045605238157 7.153476003332865 -1.2770684197314734 1
3 10 DontCare 0 0 0 0 0 0 0 0.45428478717803955 0.30000001192092896 0.30000001192092896 20.22284796827888 1.5970828146196148 19.924827593557826 -1.5677003519379253 1
3 11 DontCare 0 0 0 0 0 0 0 0.44999998807907104 0.30000001192092896 0.30000001192092896 5.446183870486356 1.3395557184319902 6.031651868786709 -1.5677003519379253 1
3 12 DontCare 0 0 0 0 0 0 0 0.44999998807907104 0.30000001192092896 0.30000001192092896 5.946837810589225 1.354739628314984 7.462326409354563 -1.5677003519379253 1
3 15 DontCare 0 0 0 0 0 0 0 0.44999998807907104 0.30000001192092896 0.30000001192092896 8.040833270272978 1.3951565046147199 11.599995696393233 -1.5677003519379253 1
3 16 DontCare 0 0 0 0 0 0 0 0.44999998807907104 0.30000001192092896 0.30000001192092896 8.874313811375991 1.4044765183696835 12.669893205095663 -1.5677003519379253 1
3 17 DontCare 0 0 0 0 0 0 0 0.44999998807907104 0.30000001192092896 0.30000001192092896 9.84326678478839 1.4190988969090021 13.811197588220102 -1.5677003519379253 1
3 18 DontCare 0 0 0 0 0 0 0 0.46268370747566223 0.30000001192092896 0.30000001192092896 10.80102299344336 1.4750651466458837 14.965724992107889 -1.5677003519379253 1
3 19 DontCare 0 0 0 0 0 0 0 0.4418022036552429 0.30000001192092896 0.30000001192092896 11.993255864640485 1.5192172875015482 15.891699800820872 -1.5677003519379253 1
3 21 DontCare 0 0 0 0 0 0 0 0.45428478717803955 0.30000001192092896 0.30000001192092896 14.672697040774045 1.5813265789019897 17.634305899359887 -1.5677003519379253 1
3 22 DontCare 0 0 0 0 0 0 0 0.45428478717803955 0.30000001192092896 0.30000001192092896 15.965124227230275 1.58689343094709 18.336505700785406 -1.5677003519379253 1
3 23 DontCare 0 0 0 0 0 0 0 0.45428478717803955 0.30000001192092896 0.30000001192092896 17.322878242439398 1.5918186524581452 18.992104593406353 -1.5677003519379253 1
3 24 DontCare 0 0 0 0 0 0 0 0.45428478717803955 0.30000001192092896 0.30000001192092896 18.763362539651727 1.5949105101384076 19.49790227539931 -1.5677003519379253 1
3 25 DontCare 0 0 0 0 0 0 0 0.44130852818489075 0.331329882144928 0.30000001192092896 -22.176067680962053 1.9033779435839073 3.745653156905595 -1.5677003519379253 1
3 67 DontCare 0 0 0 0 0 0 0 0.44854143261909485 0.30000001192092896 0.30000001192092896 19.237582279450066 1.9525001081752715 36.62336693522078 -1.5677003519379253 1
3 27 DontCare 0 0 0 0 0 0 0 0.42991453409194946 0.30000001192092896 0.30000001192092896 16.365326206778274 1.976906353693682 37.20593943143656 -1.5677003519379253 1
3 28 DontCare 0 0 0 0 0 0 0 0.42991453409194946 0.30000001192092896 0.30000001192092896 14.930219810585815 1.984845219500892 37.68207651531449 -1.5677003519379253 1
3 29 DontCare 0 0 0 0 0 0 0 0.42991453409194946 0.30000001192092896 0.30000001192092896 13.588211981241214 1.9948140688648097 38.353664566603854 -1.5677003519379253 1
3 30 DontCare 0 0 0 0 0 0 0 0.4583643972873688 0.30000001192092896 0.30000001192092896 12.359580934020745 1.977930189902033 39.1203114011449 -1.5677003519379253 1
3 31 DontCare 0 0 0 0 0 0 0 0.4583643972873688 0.30000001192092896 0.30000001192092896 11.227617372200605 1.9904297829514688 40.05064303014231 -1.5677003519379253 1
3 32 DontCare 0 0 0 0 0 0 0 0.4583643972873688 0.30000001192092896 0.30000001192092896 9.962427296160737 2.006610801982071 41.28705522262395 -1.5677003519379253 1
3 35 Cyclist 0 0 0 0 0 0 0 1.7582859992980957 0.7777103185653687 1.7875068187713623 -30.633517173167498 2.8310367890564936 40.05134987441011 2.2726605713587436 1
3 40 Cyclist 0 0 0 0 0 0 0 1.1241174936294556 0.9587341547012329 1.8238987922668457 -22.68199369898646 1.8937031931500377 1.8992990378500156 0.27988831850209284 1
3 41 Cyclist 0 0 0 0 0 0 0 1.517061471939087 0.800000011920929 1.7999999523162842 -24.269184315031072 2.1883545993220577 20.669363549286125 1.2970999941460137 1
3 42 Pedestrian 0 0 0 0 0 0 0 1.6382273435592651 0.7564855813980103 0.7728637456893921 -43.96827650679726 2.7557602235078864 38.18990307574867 3.0822780907374057 1
3 43 Car 0 0 0 0 0 0 0 2.0342984199523926 1.7999999523162842 4.199999809265137 -5.964313864089846 0.018740046524311826 -94.88199394151702 -1.55386073629452 1
3 44 Car 0 0 0 0 0 0 0 1.577810287475586 1.7999999523162842 4.199999809265137 -40.62255747268374 2.376331505138172 69.7500769197724 1.580679971001688 1
3 46 Car 0 0 0 0 0 0 0 1.577810287475586 1.7999999523162842 4.199999809265137 -37.25845310519779 2.249275351845886 58.991558267572174 -1.560780543717807 1
3 47 Car 0 0 0 0 0 0 0 1.577810287475586 1.7999999523162842 4.199999809265137 -39.9856231562387 2.253204242932177 58.91779175878438 -1.560780543717807 1
3 50 Car 0 0 0 0 0 0 0 1.5361615419387817 1.7999999523162842 4.199999809265137 -55.949662429248725 2.5504627983708055 59.07455963584284 -1.560780543717807 1
3 51 DontCare 0 0 0 0 0 0 0 0.8679511547088623 1.896435022354126 1.0676803588867188 -8.364068294108671 1.7133461911807166 11.822806780579645 -1.5677003519379253 1
3 52 DontCare 0 0 0 0 0 0 0 0.9548561573028564 1.896435022354126 1.0676803588867188 -7.521476373934649 2.2366855247611697 44.414757048827425 -1.5677003519379253 1
3 54 DontCare 0 0 0 0 0 0 0 0.9903291463851929 1.896435022354126 1.0676803588867188 -8.167850433807446 2.152869239235846 39.165396284088025 -1.5677003519379253 1
3 55 DontCare 0 0 0 0 0 0 0 0.8643621802330017 0.30000001192092896 0.30000001192092896 -7.614812764284564 2.207368750959038 41.49725599730098 -1.5677003519379253 1
3 56 Car 0 0 0 0 0 0 0 1.6059294939041138 1.7999999523162842 4.199999809265137 -45.71260664391099 2.6567496951714733 4.687855484497031 -1.5815399665155168 1
3 26 DontCare 0 0 0 0 0 0 0 0.4321589171886444 0.30000001192092896 0.30000001192092896 17.761629583272214 1.9710698311576187 36.91030649365105 -1.5677003519379253 1
3 69 DontCare 0 0 0 0 0 0 0 0.4764489531517029 0.331329882144928 0.30000001192092896 -28.27500979128401 2.6114602221246463 44.58169237323384 -1.5677003519379253 1
3 73 Cyclist 0 0 0 0 0 0 0 1.2320417165756226 0.7732698917388916 1.9546935558319092 -23.96829876932928 1.9418058689865436 -3.601744426174726 -0.55740846542201 1
3 74 Cyclist 0 0 0 0 0 0 0 1.2320417165756226 0.7732698917388916 1.9546935558319092 -22.67119912362067 1.958793263133518 -1.7111901340837559 -0.55740846542201 1
3 75 Car 0 0 0 0 0 0 0 1.5216585397720337 1.7999999523162842 4.199999809265137 -50.322262168645224 2.3955947991602633 59.01996909001294 -1.560780543717807 1
3 76 Car 0 0 0 0 0 0 0 1.5216585397720337 1.7999999523162842 4.199999809265137 -52.990994681906095 2.4021798796077998 58.94091404693957 -1.560780543717807 1
3 78 Cyclist 0 0 0 0 0 0 0 1.0242798328399658 0.699999988079071 1.7000000476837158 -24.150531601146874 1.7838919494765424 -4.763514719547744 1.4907224953394564 1
3 57 Cyclist 0 0 0 0 0 0 0 1.0 0.699999988079071 1.7000000476837158 -23.447635203341484 1.8503394331543106 5.851811000601312 -0.1975785031684394 1
3 79 DontCare 0 0 0 0 0 0 0 0.4764489531517029 0.331329882144928 0.30000001192092896 -29.192567740877966 2.6001896869669188 43.31175664024268 -1.5677003519379253 1
3 58 DontCare 0 0 0 0 0 0 0 2.9787228107452393 2.899036407470703 8.039273262023926 3.626084075972857 1.8187022804340605 27.113918856104263 1.3659123644463067 1
3 59 DontCare 0 0 0 0 0 0 0 0.6157911419868469 0.7881430983543396 0.9106436371803284 2.365889888938278 1.7872347750829407 26.825897161885525 1.366298125707293 1
3 60 DontCare 0 0 0 0 0 0 0 0.44999998807907104 0.30000001192092896 0.30000001192092896 5.083040110966157 1.3261044184136201 4.543746372874741 -1.5677003519379253 1
3 48 Car 0 0 0 0 0 0 0 1.577810287475586 1.7999999523162842 4.199999809265137 -42.450478201004806 2.261430483864392 59.038714117601344 -1.560780543717807 1
3 68 Car 0 0 0 0 0 0 0 1.5533782243728638 1.7999999523162842 4.199999809265137 -62.111547417459114 3.4323321457419618 18.909142607070052 -0.0038238301642889994 1
3 61 Car 0 0 0 0 0 0 0 1.5660580396652222 1.7999999523162842 4.199999809265137 -54.97166030305223 2.485907331575008 69.95362428249199 1.580679971001688 1
3 62 Car 0 0 0 0 0 0 0 1.5 1.7999999523162842 4.199999809265137 26.247056353227645 0.5168087039406646 55.68215469304115 -1.311933903373098 1
3 63 Car 0 0 0 0 0 0 0 1.5 1.7999999523162842 4.199999809265137 47.22480365466091 0.4314597429471857 51.452527991063214 -1.311933903373098 1
3 64 DontCare 0 0 0 0 0 0 0 0.4000000059604645 0.30000001192092896 0.30000001192092896 5.060948274471779 -0.036047418970695855 -84.66467454590327 1.584275887929583 1
3 70 Car 0 0 0 0 0 0 0 1.5575861930847168 1.7999999523162842 4.199999809265137 -45.77572742152403 2.898436154907915 9.16825598074823 1.5599203884821566 1
3 71 Car 0 0 0 0 0 0 0 1.5660580396652222 1.7999999523162842 4.199999809265137 -50.00925537235501 2.4774753971178933 70.12907710179996 1.580679971001688 1
3 80 Car 0 0 0 0 0 0 0 1.5575861930847168 1.7999999523162842 4.199999809265137 -58.06257425213977 2.9443862068309166 9.997036312958597 1.5599203884821566 1
